#Spectroscopic redshift catalogue from Noirot et al.
#See Table B1 in Noirot et al. for a description of catalogue entries 
ID RA DEC FLUX_F435W FLUXERR_F435W FLUX_F606W FLUXERR_F606W FLUX_F814W FLUXERR_F814W FLUX_F090W FLUXERR_F090W FLUX_F150W FLUXERR_F150W FLUX_F200W FLUXERR_F200W FLUX_F277W FLUXERR_F277W FLUX_F356W FLUXERR_F356W FLUX_F444W FLUXERR_F444W Z_GRISM ZERR_GRISM Q_FLAG Z_SPEC REF_SPEC FLAG_MERGE_GRISM FLAG_MERGE_SPEC MU
244 110.795717 -73.478566 730.73 60.33 3767.49 34.18 8127.88 39.89 "" "" "" "" "" "" "" "" "" "" "" "" 0.3941 0.0021 1 "" "" False False 1.0
311 110.82779 -73.474637 283.09 146.9 3667.38 63.98 8301.88 89.35 11326.55 29.37 19625.74 27.63 22930.48 18.46 20229.1 10.82 12422.16 9.19 9781.05 11.63 0.3964 0.0013 1 "" "" False False 1.0
329 110.80348 -73.474056 263.16 59.11 572.26 27.08 1212.73 35.65 1473.57 11.79 2604.46 10.9 3098.87 7.14 3556.0 4.35 3097.01 3.96 2296.01 4.88 0.7388 0.0006 1 "" "" False False 1.3
343 110.799126 -73.473015 187.96 67.56 180.77 31.13 404.48 47.16 483.05 12.31 660.61 11.77 706.09 7.09 633.11 4.17 464.31 3.86 309.74 5.3 0.8226 0.0017 2 "" "" False False 1.3
367 110.840621 -73.471706 -119.66 108.71 111.01 25.32 173.78 39.29 229.21 10.93 715.01 10.53 759.62 6.39 825.45 3.67 869.09 3.43 921.65 4.58 2.1182 0.003 1 "" "" False False 1.7
370 110.836605 -73.471633 286.07 54.11 279.17 23.15 524.41 31.5 532.73 7.98 654.75 7.67 646.51 4.65 659.8 2.93 528.79 2.66 371.57 3.52 0.7477 0.2712 2 "" "" True False 1.3
376 110.795178 -73.471354 290.21 77.79 540.57 35.2 883.71 47.17 1202.61 14.61 2780.93 14.01 3406.46 8.94 3717.49 5.27 4276.08 4.99 4761.53 6.42 1.9661 0.0006 1 "" "" True False 1.6
387 110.796473 -73.470575 -25.11 60.22 111.96 27.72 285.0 36.27 457.29 10.3 1537.15 9.99 2748.0 6.64 3980.2 4.56 5510.08 4.58 6961.36 5.75 1.9697 0.0005 1 "" "" False False 1.7
389 110.847176 -73.470383 1148.25 115.86 1257.69 56.71 1035.39 67.32 1542.91 20.01 3641.14 18.95 4243.06 11.87 4172.65 6.82 4296.61 6.35 4499.56 8.38 1.9539 0.0022 2 "" "" False False 1.7
402 110.829951 -73.469928 40.26 33.23 98.37 14.27 70.93 19.84 157.75 4.92 294.97 4.75 297.89 3.03 322.15 1.83 332.1 1.68 328.45 2.24 1.3832 0.1709 2 "" "" False False 1.7
406 110.829035 -73.469272 707.78 91.9 3343.43 42.47 8625.74 57.35 10875.12 15.74 22652.7 16.39 27560.49 12.29 25544.11 8.47 15838.45 6.4 12665.53 7.04 0.3969 0.0007 1 "" "" False False 1.0
407 110.858903 -73.469301 415.75 101.49 3504.03 46.0 8344.59 64.88 10340.46 26.28 20560.98 23.26 24434.28 18.63 23556.57 10.24 14603.62 7.99 11560.08 9.07 0.4076 0.002 1 "" "" False False 1.1
418 110.8271 -73.468999 13.6 38.05 83.13 16.33 222.8 22.24 317.98 5.84 658.64 5.68 747.62 3.48 873.84 2.24 940.54 2.07 860.5 2.62 1.2256 0.0022 2 "" "" False False 1.7
446 110.832168 -73.467505 69.96 90.17 285.34 39.58 347.34 52.69 672.97 13.04 1379.68 12.49 1401.64 7.63 1525.46 4.8 1474.52 4.51 1461.93 5.87 1.4199 0.0025 2 "" "" False False 1.9
454 110.77943 -73.467186 -15.61 64.51 66.55 28.26 71.03 38.63 136.53 17.74 906.33 13.74 1665.75 10.35 3100.57 6.02 3988.5 5.97 5295.81 7.54 2.0476 0.0033 2 "" "" False False 1.8
455 110.810922 -73.466859 921.8 138.04 6210.59 66.39 15006.77 84.48 19771.33 23.46 41012.06 24.06 49724.49 17.47 45450.64 12.21 27832.53 9.53 22268.03 10.43 0.3941 0.001 1 "" "" False False 1.0
456 110.868699 -73.467207 -38.92 41.04 270.72 18.29 263.89 26.69 330.08 9.3 643.7 7.59 796.48 5.42 793.08 2.65 948.74 2.5 1036.03 3.24 2.5736 0.0012 2 "" "" False False 2.0
459 110.78336 -73.466853 449.56 49.82 512.67 21.76 1068.72 30.44 1271.01 9.77 1682.86 9.19 1903.79 5.96 2040.76 3.49 1956.19 3.21 1447.41 3.94 0.9117 0.0007 2 "" "" False False 1.5
475 110.87984 -73.465816 6.7 76.51 106.68 32.5 375.33 46.99 514.61 20.21 5540.09 17.45 7988.18 13.94 10938.08 9.79 13211.58 9.81 15398.43 11.34 1.9937 0.0023 1 "" "" False False 2.0
477 110.871106 -73.46572 201.34 39.87 208.19 17.56 288.41 25.34 324.42 7.35 544.87 6.95 561.73 4.3 571.46 2.5 563.91 2.31 505.88 3.0 "" "" -99 1.244 nirspec False False 1.8
483 110.852782 -73.465338 91.15 49.97 258.51 22.29 238.23 35.29 236.53 9.08 764.92 8.63 801.38 5.35 836.66 2.71 823.68 2.5 859.67 3.28 1.9826 0.0019 1 "" "" False False 2.3
484 110.876365 -73.465226 166.56 35.24 353.73 16.18 311.66 22.65 309.72 6.59 451.27 6.18 569.82 4.28 494.41 2.24 438.82 2.05 465.56 2.72 2.8132 0.0009 2 "" "" False False 2.2
485 110.82045 -73.465196 843.19 67.61 1925.83 33.6 3017.5 40.78 3493.11 11.12 5200.37 10.58 5779.69 7.04 5179.11 4.38 3392.54 3.72 2857.41 4.66 0.3958 0.0032 1 "" "" False False 1.0
493 110.808069 -73.464869 94.35 35.9 105.68 15.87 201.68 20.61 205.6 5.48 367.77 5.23 383.89 3.23 389.54 2.01 373.89 1.84 353.89 2.42 1.3713 0.0026 2 "" "" False False 2.1
497 110.781836 -73.46472 593.46 56.43 465.85 25.13 886.81 34.39 1000.78 12.38 1143.75 10.51 1203.49 7.15 1303.45 3.61 1202.94 3.35 885.31 4.34 0.9127 0.0005 2 "" "" False False 1.6
500 110.823451 -73.464713 248.5 49.28 301.75 22.22 353.13 28.23 446.49 7.28 691.6 7.02 760.9 4.33 836.06 2.7 848.71 2.48 881.08 3.26 1.5626 0.0021 2 "" "" False False 2.3
502 110.867622 -73.464139 178.99 154.2 4011.37 68.72 9577.53 97.68 13635.93 24.31 27478.13 24.03 32953.89 16.38 29371.59 10.35 17775.07 8.73 14041.29 10.64 0.392 0.0015 1 "" "" False False 1.0
506 110.830329 -73.464042 992.16 91.69 4186.98 42.42 10001.07 57.12 12493.53 16.14 25071.99 16.83 30061.57 12.76 27480.09 8.42 16939.42 6.37 13662.49 6.96 0.3938 0.0008 1 "" "" False False 1.0
507 110.81779 -73.464189 172.76 31.81 223.79 14.43 292.52 17.99 366.6 4.85 498.26 4.59 502.77 2.89 517.57 1.81 519.13 1.65 443.14 2.1 1.1348 0.0019 2 "" "" False False 2.1
516 110.783956 -73.463544 83.1 49.78 170.5 22.79 300.34 29.83 445.96 8.13 1148.94 7.85 1318.9 5.03 1632.44 2.98 1753.4 2.75 1856.01 3.57 1.4729 0.0009 2 "" "" False False 2.0
522 110.848874 -73.463069 868.39 102.22 2896.09 46.42 7139.55 127.43 8903.54 20.53 17596.29 19.82 20666.97 14.34 18819.25 7.75 11702.34 6.07 9225.91 7.1 0.4066 0.0018 1 "" "" False False 1.0
524 110.809965 -73.46312 317.76 49.15 593.07 22.49 1200.67 28.71 1491.58 7.77 3014.52 7.75 3791.46 5.36 4386.44 3.56 3414.43 3.04 2579.03 3.51 0.5972 0.0008 2 "" "" False False 1.5
533 110.849716 -73.462602 283.59 53.07 458.65 25.09 669.22 58.66 765.93 9.72 990.51 9.16 1037.64 5.87 854.75 2.95 552.24 2.56 440.4 3.38 0.3229 0.0005 1 0.3217 muse False False 1.0
534 110.772449 -73.462393 307.83 103.46 1159.69 48.55 1469.97 62.55 1652.27 23.28 1653.06 19.28 1869.82 13.3 1865.76 6.49 1559.53 6.01 1177.61 8.11 0.728 0.0007 2 "" "" True False 1.5
539 110.865293 -73.462121 270.82 74.51 2943.04 34.61 7193.75 48.36 9084.18 13.4 19459.64 14.29 23864.71 11.14 22187.21 8.22 13749.81 5.87 11092.96 6.11 0.3971 0.0011 1 "" "" False False 1.0
541 110.768942 -73.461845 912.7 171.44 8917.6 81.26 22621.08 107.48 28755.9 38.22 60921.99 35.92 74220.52 27.96 72337.49 23.95 44695.0 17.76 36019.82 19.25 0.3945 0.001 1 "" "" False False 1.0
545 110.788009 -73.461824 -58.23 59.54 66.57 26.92 175.37 36.04 214.96 10.97 339.06 10.4 401.89 6.42 723.38 3.28 773.32 3.01 892.58 4.03 "" "" -99 5.275 nirspec False False 3.3
560 110.776053 -73.461249 185.02 59.4 190.39 26.81 139.52 35.53 231.15 8.55 446.82 8.05 452.48 5.03 502.72 3.26 501.77 2.97 472.19 3.99 1.4745 0.0018 2 "" "" False False 2.2
562 110.78515 -73.460985 149.14 64.92 1156.66 30.6 2359.28 38.48 3134.24 12.75 5681.74 12.21 6713.14 8.81 6038.08 4.49 3743.36 3.75 2984.51 4.58 0.3813 0.0025 1 "" "" False False 1.0
566 110.890203 -73.460525 398.85 119.65 1180.35 55.45 2564.55 75.98 3716.01 18.5 9685.83 18.38 13184.22 12.06 14897.43 7.97 18119.65 7.32 20728.89 9.03 2.1558 0.0009 1 "" "" True False 2.4
571 110.830443 -73.460586 163.21 143.25 501.02 32.01 909.41 46.65 1019.91 10.63 1432.47 10.17 1563.01 6.29 1613.05 3.86 1339.44 3.54 949.41 4.57 "" "" -99 0.7455 muse False False 2.2
601 110.863797 -73.459619 23.71 64.61 777.39 28.31 1811.24 41.05 2225.85 10.11 4358.42 9.96 5180.87 6.76 4695.24 4.25 2917.47 3.55 2297.67 4.4 0.4023 0.0023 1 "" "" False False 1.0
602 110.799062 -73.459566 466.35 77.93 618.73 35.76 436.77 45.82 487.39 14.39 1261.15 13.94 948.08 8.63 751.04 4.21 737.11 3.85 692.71 5.13 2.2095 0.0005 1 "" "" False False 5.0
611 110.838979 -73.458823 604.61 73.97 1067.51 48.44 1577.95 42.32 2016.3 13.86 4343.7 13.3 4666.14 8.79 5345.46 4.57 5699.6 4.24 5972.62 5.18 1.4489 0.0003 1 1.4503 muse False False 7.2
614 110.821254 -73.45896 144.05 45.74 138.34 21.0 499.42 26.4 528.18 6.94 717.76 6.75 762.73 4.12 799.01 2.5 700.07 2.26 520.27 2.93 0.8578 0.0015 2 "" "" False False 3.4
615 110.836696 -73.458728 4815.77 100.01 5989.5 51.33 6515.63 56.58 5730.04 17.86 5515.13 16.29 4548.32 10.3 3587.3 5.18 2979.53 4.62 2544.69 5.94 1.3715 0.0009 2 1.3782 muse False False 7.1
616 110.916437 -73.458734 902.3 56.45 1157.62 29.2 1135.52 36.35 1319.83 38.72 2496.74 57.05 2347.82 19.91 2173.48 10.11 2245.71 9.6 2369.06 38.59 "" "" -99 2.213 nirspec False False 1.9
621 110.76264 -73.458384 -310.27 76.15 68.91 33.94 63.71 44.52 188.25 13.28 2129.37 12.92 3332.97 8.62 4975.62 5.24 5980.71 5.07 7073.13 6.35 1.9832 0.0041 2 "" "" False False 2.4
622 110.891749 -73.458353 1150.15 74.17 2589.66 35.37 3622.24 48.51 4315.28 12.32 5757.54 11.74 6324.63 7.73 4785.12 4.69 3183.35 4.16 2664.63 5.1 0.2876 0.0008 2 "" "" False False 1.0
633 110.753304 -73.4577 -155.53 67.36 109.1 30.86 242.81 40.56 228.23 18.48 1096.81 13.4 1964.91 10.41 3361.44 6.41 4446.34 6.39 5554.88 8.1 "" "" -99 1.996 nirspec False False 2.2
643 110.842046 -73.456798 1739.59 162.18 7420.85 182.64 9983.4 127.42 13525.26 30.53 18783.54 28.3 20384.32 19.06 18811.62 9.74 12544.99 8.46 10564.9 10.71 "" "" -99 0.4233 muse False False 1.2
646 110.836397 -73.456984 1306.47 80.53 3043.78 43.71 3607.67 46.44 3661.18 15.38 4869.43 14.27 5578.0 10.65 4833.53 5.52 2950.65 4.49 2748.62 5.3 "" "" -99 0.3241 muse False False 1.0
649 110.853255 -73.456755 604.72 88.72 4384.53 41.6 9862.73 56.97 12486.67 15.87 25226.08 16.66 30311.42 12.46 27577.7 8.49 16925.61 6.4 13694.96 6.9 0.3933 0.0009 1 0.3836 muse False False 1.0
660 110.862442 -73.456455 205.73 92.62 2908.97 42.9 6702.17 59.08 8476.06 15.57 17329.84 15.56 20843.63 11.29 19166.86 7.32 11758.28 5.77 9416.22 6.65 0.3955 0.0009 1 "" "" False False 1.0
663 110.804641 -73.456237 858.7 115.77 3361.16 56.31 8692.61 71.56 11102.05 23.96 24754.07 24.13 30864.47 18.84 30143.29 10.05 18972.64 7.94 15588.38 8.5 0.3877 0.0008 1 0.3864 muse False False 1.0
674 110.855894 -73.455839 1771.39 93.07 5069.25 44.02 8899.16 58.85 11124.83 16.0 20447.14 16.02 24906.18 11.88 23978.8 8.01 15621.29 6.29 14334.74 7.18 0.3898 0.0018 1 0.3822 muse False False 1.0
677 110.852269 -73.455606 1643.57 123.73 6092.38 60.25 12208.34 80.4 16044.51 20.73 29729.09 20.7 35758.38 14.96 38611.41 10.18 26531.69 8.55 20569.49 9.07 "" "" -99 0.5189 muse False False 1.7
679 110.840771 -73.45534 5331.13 200.26 3805.05 98.72 5133.27 239.21 8397.15 37.97 12950.6 39.64 15299.92 31.16 11982.81 186.6 11905.77 16.86 10410.59 15.68 "" "" -99 1.3782 muse False False 52.1
680 110.871357 -73.455426 1139.93 104.9 1212.55 47.45 1612.24 64.91 2180.51 15.88 2947.75 15.03 2717.72 9.37 2689.78 5.74 2669.8 5.25 2175.85 6.89 1.085 0.0006 2 "" "" True False 2.9
703 110.760804 -73.454252 1038.39 114.3 8568.07 54.9 21203.04 74.79 26409.57 21.33 58118.29 23.35 71515.44 19.46 67849.68 14.58 40986.97 9.87 33580.64 9.98 0.3787 0.0007 1 "" "" False False 1.0
710 110.877524 -73.453832 158.95 55.07 271.81 30.57 357.15 33.45 417.56 8.33 820.49 8.16 807.59 5.04 874.52 3.08 903.59 2.82 953.97 3.76 1.4874 0.0006 1 "" "" True False 3.1
711 110.770814 -73.453866 286.0 62.8 261.33 31.06 251.5 36.83 280.41 9.03 683.07 8.6 692.03 5.38 648.65 3.37 630.88 3.1 633.17 4.08 1.883 0.0027 2 "" "" False False 3.1
712 110.837905 -73.453707 391.46 101.05 3376.03 48.27 8331.81 345.11 10804.01 21.94 21421.67 21.21 25353.27 15.95 22865.63 8.91 14270.83 6.8 11251.59 7.64 0.3795 0.0011 1 0.3865 muse False False 1.0
713 110.850353 -73.453789 140.79 44.83 760.0 23.16 1631.55 29.56 1972.06 7.51 3990.83 7.85 4796.84 5.6 4375.06 3.65 2768.88 2.83 2275.86 3.23 0.3828 0.0021 1 "" "" False False 1.0
721 110.746073 -73.453278 1074.2 59.21 1849.7 27.14 2475.56 35.48 2670.31 15.32 3208.7 11.46 3322.35 8.39 3054.52 5.5 2024.65 4.7 1699.87 5.89 "" "" -99 0.424 nirspec False False 1.1
734 110.83879 -73.45279 36.2 72.09 1124.68 81.9 2388.8 886.87 3893.8 12.27 7871.05 12.52 9163.04 8.54 8742.14 5.25 5392.22 4.26 4201.8 5.06 0.3999 0.0022 1 "" "" False False 1.1
735 110.800157 -73.452782 893.74 80.99 2500.61 41.31 4346.75 49.95 4569.23 13.25 6946.47 12.91 7545.42 8.87 6743.78 5.04 4255.81 4.44 3378.35 5.32 0.3863 0.0043 1 "" "" False False 1.0
738 110.852012 -73.452346 1089.47 164.86 1976.21 923.08 2290.05 100.66 3951.79 27.13 7833.57 26.01 8039.42 16.35 9247.17 9.43 9027.63 8.57 9245.51 11.08 "" "" -99 1.4816 muse False True 10.1
740 110.761439 -73.452501 125.18 46.92 188.05 22.55 195.26 29.47 187.99 6.68 359.29 6.33 420.35 4.09 357.69 2.46 369.77 2.26 356.7 3.0 1.7189 0.0021 2 "" "" False False 2.4
750 110.765935 -73.451708 15.61 137.32 18.12 66.43 41.87 81.63 221.37 19.63 3078.86 18.83 6439.38 12.29 12786.38 8.07 20492.82 8.05 27414.4 10.29 2.2812 0.0028 2 2.463 nirspec False False 2.9
753 110.758863 -73.451926 445.99 90.05 2751.3 42.16 7053.93 55.84 9111.38 14.99 18983.44 15.74 23490.23 11.79 22086.74 7.87 13671.07 6.28 10931.16 6.71 0.3901 0.0013 1 "" "" False False 1.0
760 110.840788 -73.451178 671.5 94.38 1232.08 51.39 1841.73 124.71 2562.96 18.06 5599.23 16.89 6032.46 11.28 6999.09 5.77 7410.01 5.32 7660.79 6.63 1.4435 0.0009 2 1.4503 muse False False 13.4
763 110.879597 -73.451654 214.64 103.65 252.06 47.81 434.27 62.91 699.55 15.67 1222.54 14.64 1529.21 9.13 1506.87 5.65 1363.15 5.31 1213.17 6.89 1.3722 0.0015 2 "" "" False False 2.6
766 110.791988 -73.451434 388.1 69.52 513.37 151.02 630.61 41.67 876.13 10.61 1434.16 10.11 1386.6 6.48 1605.81 3.82 1513.03 3.45 1476.1 4.47 1.3808 0.0006 2 "" "" False False 4.5
767 110.816283 -73.45129 188.2 92.3 2362.8 73.07 5689.03 57.06 6807.5 16.18 14909.58 16.04 17912.4 11.63 17106.29 7.01 10383.13 5.56 8546.17 6.55 0.3944 0.0019 1 0.3844 muse False False 1.0
771 110.750256 -73.45102 188.39 50.05 265.25 23.59 234.64 30.32 334.85 7.19 621.7 6.82 582.55 4.38 659.67 2.76 662.09 2.61 657.75 3.38 1.5079 0.001 2 "" "" False False 2.0
772 110.838725 -73.451052 577.53 67.69 758.09 35.64 855.16 47.97 1050.31 12.07 1600.65 11.38 1540.98 7.2 1666.02 3.79 1675.23 3.45 1636.48 4.49 1.3753 0.0009 2 1.3782 muse False False 10.6
774 110.856414 -73.450796 554.17 83.73 2685.87 42.68 5943.98 53.8 7276.63 17.72 13409.55 17.1 15294.28 12.62 13649.29 6.57 8448.01 5.24 6747.79 6.15 "" "" -99 0.3872 muse False False 1.0
788 110.764708 -73.4502 137.62 71.48 477.65 46.33 510.9 42.54 745.07 10.39 1134.04 9.88 1553.35 6.28 1490.33 3.86 1349.41 3.62 1406.88 4.68 3.0994 0.0015 2 "" "" True False 3.0
789 110.755546 -73.450067 342.27 75.83 1427.95 37.13 3263.73 46.96 4413.24 12.24 8489.02 12.08 10119.06 8.64 9088.13 5.25 5586.95 4.29 4420.78 5.18 0.3829 0.0016 1 "" "" False False 1.0
794 110.876312 -73.449578 246.95 103.12 273.71 50.1 848.94 64.62 1379.49 16.29 1816.4 15.18 2059.55 9.42 2245.11 5.86 1933.5 5.35 1396.09 7.07 0.8261 0.0016 2 "" "" False False 1.8
797 110.793418 -73.449472 457.87 64.94 385.84 31.48 479.91 39.63 810.47 9.78 954.98 9.29 742.99 5.86 712.32 3.44 678.28 3.12 526.53 4.1 1.0563 0.0004 2 "" "" False False 2.8
799 110.838633 -73.449337 1417.69 55.49 1585.27 26.16 2560.98 73.72 2816.43 11.94 2300.32 9.89 2375.22 6.63 2386.29 3.27 2145.78 2.95 1530.53 3.65 0.7466 0.0002 1 0.7469 muse False False 2.5
801 110.843468 -73.449028 1585.15 135.96 1700.73 67.57 1770.78 80.83 2532.66 24.43 3659.97 22.91 3555.49 14.16 3604.26 7.44 3432.82 6.79 3394.88 8.97 1.5013 0.0004 2 "" "" False False 4.3
821 110.818565 -73.448365 507.52 95.57 2148.81 44.2 4361.28 59.47 5396.49 17.31 10761.25 17.19 12558.0 12.19 11768.91 6.3 7175.99 5.14 5759.36 6.33 "" "" -99 0.3932 muse False False 1.0
826 110.862808 -73.447851 485.16 87.51 1862.17 42.49 4567.63 55.19 6568.43 16.9 12817.07 16.16 15128.91 11.04 13775.97 6.62 8561.06 5.4 6612.69 6.48 0.4018 0.0017 1 "" "" False False 1.0
836 110.763814 -73.447474 -11.51 99.84 201.55 44.55 448.64 59.03 954.02 14.58 10607.3 15.32 16332.25 11.22 23715.13 7.84 30017.94 8.04 35731.21 9.49 1.9774 0.001 1 "" "" False False 2.3
842 110.790535 -73.447056 530.49 64.61 354.3 32.36 446.68 38.52 381.78 9.66 866.25 9.42 844.09 6.0 733.67 3.52 752.83 3.15 772.11 4.09 "" "" -99 2.118 nirspec False False 10.8
846 110.832965 -73.446729 1296.53 97.29 2335.5 48.37 3907.27 93.48 4474.16 15.21 6473.41 14.72 6864.63 9.49 7428.92 5.85 5367.38 5.17 4001.79 6.52 "" "" -99 0.6002 muse False False 1.6
851 110.858924 -73.446535 692.25 77.98 824.16 38.04 1653.46 77.76 1977.74 13.59 2890.43 13.06 2994.78 8.13 3249.07 4.62 3366.62 4.29 2685.18 5.44 1.0776 0.0027 2 "" "" False False 2.1
855 110.75676 -73.446098 1252.24 145.97 3126.35 66.64 5580.77 87.35 8512.48 28.22 13041.41 25.59 14419.08 17.31 15722.55 10.87 16412.86 10.51 13436.79 12.48 1.0762 0.0009 2 "" "" False False 1.7
857 110.796499 -73.446191 375.29 71.16 225.42 33.09 397.65 41.14 669.94 11.04 2025.79 10.44 2453.64 6.76 4002.65 4.15 5125.31 3.99 6393.46 5.06 1.3739 0.0019 2 "" "" False False 2.4
884 110.794308 -73.444321 719.86 104.17 4062.87 49.43 10391.68 65.96 13379.68 22.93 28076.62 22.38 33945.84 18.22 31794.65 8.94 19298.86 6.83 15540.06 7.65 0.3931 0.002 1 "" "" False False 1.0
885 110.830787 -73.444412 707.42 117.69 854.9 52.65 860.6 153.34 1485.28 17.04 2702.43 16.17 2724.28 9.99 3093.69 6.22 3102.06 5.72 3023.08 7.53 1.5001 0.0011 2 "" "" True False 2.3
890 110.823604 -73.444439 103.28 79.51 401.33 23.41 448.76 26.03 507.74 6.39 588.44 6.06 1131.73 3.99 782.6 2.39 517.67 2.12 616.86 2.82 3.3736 0.0003 2 "" "" True False 2.9
894 110.859768 -73.444204 289.63 57.51 571.12 27.52 577.91 36.25 617.0 8.87 888.87 8.49 1168.48 5.32 1077.57 3.28 969.89 2.99 986.84 3.96 2.7335 0.0006 2 2.743 nirspec False False 2.3
898 110.869181 -73.444002 77.14 28.36 138.12 13.93 194.73 17.62 244.19 5.59 361.21 5.28 380.85 3.32 402.97 1.67 408.79 1.53 372.32 1.98 1.2618 0.001 2 "" "" False False 1.8
903 110.796481 -73.443612 311.43 57.45 366.94 26.1 467.38 34.3 440.53 10.1 920.25 9.62 950.04 6.06 947.0 3.09 931.25 2.75 978.08 3.65 1.8206 0.0009 2 "" "" False False 2.2
908 110.846893 -73.44298 1268.86 87.84 958.53 39.91 1481.54 52.17 2027.61 13.26 4010.1 13.09 4365.9 8.34 6296.87 5.31 7587.45 4.99 8973.65 6.32 1.3618 0.0013 2 "" "" True False 1.9
919 110.828721 -73.442595 730.37 53.85 1150.63 25.19 1412.22 36.83 1348.35 8.52 1752.37 8.05 2526.4 5.36 2233.3 3.23 1588.38 2.86 1767.89 3.67 3.0997 0.0003 1 "" "" False False 2.4
920 110.820668 -73.442437 46.78 82.26 241.57 42.19 939.33 49.02 1576.31 11.72 4589.15 11.73 5693.98 7.8 7349.27 5.11 8113.71 4.82 8159.2 5.8 1.2602 0.0004 2 "" "" False False 1.9
928 110.800227 -73.442111 214.43 35.36 151.15 15.51 236.11 21.36 281.18 6.2 378.88 5.73 365.15 3.61 369.48 1.9 358.52 1.71 315.66 2.25 1.1596 0.001 2 "" "" False False 1.8
931 110.824186 -73.441884 234.04 80.0 356.15 39.01 407.47 49.35 968.64 11.74 2824.06 11.5 4062.08 7.52 5735.51 4.83 6922.99 4.74 8334.88 5.78 1.6707 0.0006 2 "" "" False False 2.0
934 110.862061 -73.441362 137.65 81.75 421.98 37.21 1441.76 50.62 2319.1 13.15 5174.28 12.96 6515.57 8.59 8328.19 5.66 9435.59 5.35 8188.41 6.22 1.0122 0.0004 2 "" "" True False 1.6
935 110.820967 -73.441445 2337.01 146.35 2938.14 63.34 3778.99 72.1 4612.17 17.98 6987.98 17.28 6349.46 10.71 7060.81 6.63 7105.39 6.1 7175.6 7.88 1.2717 0.0004 1 "" "" True False 1.8
940 110.806932 -73.441055 162.81 71.87 1596.66 33.71 3912.99 44.22 5116.95 11.61 9595.31 11.97 11209.97 8.55 10221.9 5.43 6329.61 4.29 5067.84 4.96 0.3883 0.0029 1 "" "" False False 1.0
949 110.851943 -73.440395 1291.79 71.45 1429.67 34.1 1545.98 44.52 1838.04 11.28 2942.5 10.77 2976.45 6.81 3010.51 4.22 2936.89 3.86 3092.6 5.0 1.6708 0.0003 2 "" "" True False 1.8
956 110.854935 -73.439951 1153.54 61.59 1273.48 29.68 1778.2 39.56 1760.35 9.91 2367.32 9.42 2159.49 5.9 2310.72 3.63 2441.54 3.37 2060.08 4.25 1.0845 0.0003 1 "" "" False False 1.6
961 110.800112 -73.439262 413.57 48.75 515.88 21.7 637.36 30.02 660.75 8.69 1796.91 8.53 2081.31 5.7 2224.23 3.37 2321.91 3.14 2538.13 3.91 1.8179 0.0004 1 "" "" False False 1.8
962 110.859267 -73.439295 625.16 61.18 432.18 28.7 633.71 38.51 777.76 9.83 1004.21 9.33 953.16 5.69 1002.46 3.48 973.19 3.18 874.86 4.23 1.2685 0.0012 2 "" "" False False 1.6
984 110.837708 -73.437023 185.41 77.33 1693.37 37.52 3737.64 49.08 4952.2 13.06 9898.1 13.11 11764.18 9.3 10829.03 6.19 6728.62 4.76 5422.7 5.59 0.3829 0.0017 1 "" "" False False 1.0
1006 110.846548 -73.433758 245.06 44.49 288.29 19.73 377.89 26.62 357.28 6.98 1004.06 6.73 1009.64 4.22 1000.73 2.55 1028.76 2.35 1092.15 3.05 2.1286 0.0004 1 "" "" False False 1.5
1091 110.815687 -73.474463 1468.5 90.04 4475.03 41.71 6484.04 55.36 7728.51 14.89 10959.08 14.42 12321.32 9.63 9523.76 5.98 6498.39 5.14 5535.49 6.36 0.4038 0.0015 1 "" "" False False 1.0
1100 110.842536 -73.472338 147.28 5202.61 32.2 84.99 5.27 125.0 911.19 37.12 9285.51 34.17 17066.13 22.38 31399.38 14.57 48604.43 14.91 66418.64 19.15 1.9807 0.0017 2 "" "" False False 1.6
1107 110.867311 -73.469446 651.82 114.26 3306.2 51.33 7521.9 74.2 10109.92 38.34 17792.72 31.49 20396.15 24.62 "" "" "" "" "" "" 0.3983 0.0017 1 "" "" False False 1.0
1109 110.794964 -73.468084 519.37 77.52 851.95 36.86 897.04 46.81 1007.92 11.68 2170.24 11.13 2307.24 6.92 2261.83 4.33 2309.88 4.01 2386.8 5.24 1.974 0.003 1 "" "" False False 1.8
1112 110.858864 -73.466192 653.95 134.64 891.61 60.59 1788.69 83.61 4282.49 23.76 6512.77 22.33 6623.07 14.24 6255.73 7.55 4880.21 6.8 3928.73 8.81 0.3915 0.004 1 "" "" False False 1.0
1115 110.862427 -73.46624 245.57 98.6 420.67 43.52 926.16 61.0 873.37 17.61 2414.69 16.65 3128.94 10.44 3558.93 5.52 3529.33 5.09 3827.37 6.65 1.9282 0.0017 2 "" "" False False 2.1
1116 110.778189 -73.465931 1314.32 128.23 6632.27 61.51 13003.87 80.26 15222.25 38.17 24464.73 31.33 27833.07 24.23 24978.13 14.22 15428.44 11.68 12345.16 13.96 0.3888 0.0016 1 "" "" False False 1.0
1117 110.7773 -73.465728 414.47 105.67 2582.2 49.43 6736.58 64.7 8837.49 33.65 16988.89 28.08 20765.32 22.22 19201.8 12.29 11812.16 9.91 9388.51 11.63 0.3959 0.0014 1 "" "" False False 1.0
1129 110.873705 -73.464731 175.84 106.9 1693.92 47.96 3530.36 67.67 4973.33 18.91 8669.18 18.21 10026.13 11.99 8794.2 7.56 5645.5 6.64 4263.47 8.19 0.4032 0.0019 1 "" "" False False 1.0
1131 110.793918 -73.464413 214.68 114.43 1415.2 52.64 3830.79 69.89 5979.78 18.4 10236.03 17.63 12695.86 11.58 14551.91 7.57 14269.42 6.94 10804.76 8.31 0.8786 0.0005 2 "" "" False False 1.7
1137 110.809034 -73.461004 71.65 176.09 4151.57 81.77 22034.27 106.24 31238.18 30.92 72429.11 31.94 96974.85 24.44 117622.22 37.7 105005.3 16.95 71167.95 15.32 "" "" -99 0.746 muse False False 2.0
1138 110.81036 -73.460566 -242.04 219.48 959.42 115.05 7748.7 122.67 16536.6 34.04 48561.41 35.15 70964.58 24.96 99833.88 18.49 113991.45 32.09 99722.2 18.92 "" "" -99 1.0826 muse False False 2.9
1145 110.848924 -73.460402 563.64 135.48 5707.72 62.89 14678.35 164.13 18557.26 27.59 39152.89 27.41 46940.51 20.47 44202.46 11.66 28027.99 9.07 22479.46 10.03 0.4013 0.0007 1 0.397 muse False False 1.0
1148 110.824534 -73.460001 583.05 104.43 3770.25 48.89 9444.94 63.97 11812.63 17.92 24437.09 18.79 29384.44 13.45 26677.07 8.88 16486.89 6.78 13218.11 7.66 0.3929 0.0013 1 0.3806 muse False False 1.0
1149 110.825114 -73.459705 2385.9 87.55 2529.55 40.36 2649.82 50.63 2882.25 13.4 6636.44 13.36 5223.35 8.39 3948.01 4.97 3813.33 4.56 3306.54 5.79 1.992 0.0003 1 "" "" False False 23.2
1153 110.771834 -73.459558 505.78 185.26 1983.04 84.35 2214.92 109.08 4224.55 26.33 12999.18 26.1 15931.91 16.67 19124.45 10.97 21407.68 10.46 23349.54 13.15 1.9856 0.0007 2 "" "" True False 2.5
1154 110.770362 -73.459623 47.77 133.15 661.21 60.82 777.23 78.54 1053.49 18.8 2926.97 17.89 3483.63 11.32 4030.02 7.91 4155.84 7.41 4363.27 9.79 2.0314 0.0017 1 "" "" True False 2.5
1155 110.853472 -73.459624 4773.96 110.41 4745.58 51.36 6514.46 67.18 7910.79 17.94 12734.32 16.53 12747.98 10.86 13768.26 7.22 15167.61 6.78 12847.55 8.1 1.0844 0.0001 1 1.0815 muse False True 3.2
1156 110.853868 -73.459242 -142.26 179.05 1054.64 79.38 3227.24 119.57 6624.23 26.66 17904.51 25.69 22638.11 16.88 28234.99 11.66 31342.1 11.11 25903.55 12.82 "" "" -99 1.0823 muse False False 3.3
1157 110.855887 -73.458969 -233.07 90.85 401.75 40.48 902.7 55.51 1713.32 13.32 3720.19 12.97 4511.61 8.38 5254.26 5.38 5726.59 4.99 4891.96 6.19 "" "" -99 1.0833 muse False False 3.4
1158 110.856826 -73.458888 205.71 115.65 947.91 51.35 1910.41 84.42 2768.73 16.97 6153.12 16.58 6965.88 10.55 8538.45 6.91 10265.1 6.51 9153.0 7.99 1.0909 0.0003 1 1.0833 muse False False 3.4
1161 110.864744 -73.459065 147.29 134.21 2180.74 60.15 5535.23 83.16 7501.18 20.91 14442.75 20.45 17495.79 13.6 16113.09 8.47 10049.13 7.2 7902.62 9.05 0.4052 0.0018 1 "" "" False False 1.1
1162 110.865734 -73.459067 184.41 95.66 1309.29 43.56 2967.05 59.55 4324.85 15.05 7689.12 14.77 9004.67 9.71 8040.86 6.08 5102.42 5.17 3888.5 6.46 0.4008 0.0034 1 "" "" False False 1.0
1163 110.802652 -73.458755 859.48 173.91 6480.13 81.99 16716.11 105.5 21903.97 35.3 46471.86 34.79 56231.91 25.48 52755.85 14.04 32432.6 10.75 25437.24 12.43 0.3925 0.0012 1 0.3905 muse False False 1.0
1168 110.806643 -73.458258 1289.35 262.51 2309.8 128.75 2681.96 152.82 3986.45 46.06 12162.63 44.73 13618.96 28.22 15135.66 14.32 15105.84 13.19 14095.31 17.12 2.2117 0.0009 2 2.211 nirspec False False 11.9
1169 110.803694 -73.457471 3573.67 150.17 3788.18 71.39 8077.01 88.27 11341.42 27.06 21184.65 26.25 27821.33 18.47 33926.92 11.0 34012.45 10.1 25532.96 11.16 0.9318 0.0002 1 0.9366 muse False False 3.8
1173 110.832865 -73.457027 1894.5 439.73 8000.66 74.29 19330.23 83.93 24190.06 29.22 53285.03 30.15 65624.86 24.03 61046.02 71.17 38482.87 11.04 31313.46 10.81 0.3838 0.0015 1 0.3869 muse False False 1.0
1175 110.780234 -73.457012 432.81 102.75 4050.66 51.9 10356.54 64.14 13118.25 17.77 28212.1 18.96 35048.6 15.06 33170.55 13.06 20699.73 8.03 16846.92 8.35 0.3928 0.0009 1 "" "" False False 1.0
1183 110.759056 -73.455824 1540.16 181.99 11858.37 86.25 30466.21 113.98 39841.61 35.85 89914.27 37.41 111085.97 29.77 105971.52 21.98 63987.11 15.56 52355.84 16.46 0.3816 0.0009 1 "" "" False False 1.0
1184 110.758263 -73.455102 664.19 117.13 1301.12 54.65 1483.74 69.61 2169.69 17.76 8147.3 17.71 11163.39 11.96 12637.42 8.62 14451.52 8.27 15864.76 10.12 1.9826 0.0006 1 "" "" False False 2.4
1186 110.842945 -73.454724 1582.76 138.47 2704.77 73.81 3812.56 138.83 6019.54 21.41 13052.14 21.2 13763.31 13.87 15238.44 8.75 16245.05 7.97 16554.49 9.73 1.4502 0.0004 2 1.4503 muse False False 28.9
1187 110.805116 -73.454697 1808.26 210.88 2932.49 99.21 3904.65 125.88 5951.6 31.49 16054.04 31.16 17318.77 20.5 18580.16 11.93 18754.07 10.88 19154.94 13.93 "" "" -99 2.211 nirspec False False 17.2
1199 110.822584 -73.452636 3402.13 189.9 3275.15 100.68 4897.11 108.13 6539.98 38.04 12499.4 32.41 13544.62 23.89 15442.48 10.14 14907.57 9.2 14146.23 11.42 "" "" -99 1.4254 muse False False 63.2
1200 110.823852 -73.451902 507.15 135.63 1327.48 73.47 2262.43 81.39 3299.48 23.32 6739.77 21.09 7190.69 14.4 8192.74 7.16 8028.41 6.54 7808.05 8.29 1.4358 0.0016 2 1.4254 muse False False 47.7
1201 110.778688 -73.452663 176.6 95.76 2055.67 47.17 4666.64 59.86 5968.47 15.41 11688.19 15.23 13809.53 10.78 12732.03 6.59 7835.68 5.46 6252.96 6.59 0.3867 0.0019 1 "" "" False False 1.0
1205 110.772955 -73.450437 963.0 146.39 8766.92 111.56 23093.9 94.4 31209.23 26.39 69319.82 28.42 86221.9 22.89 63731.81 47.54 52545.08 12.31 43499.76 12.35 0.3905 0.001 1 "" "" False False 1.0
1215 110.805037 -73.449552 1429.24 107.12 4521.58 98.75 8478.46 66.49 9702.05 18.87 17396.3 18.42 21001.35 13.31 21617.77 8.21 14279.22 6.7 11459.64 7.58 0.41 0.0012 1 0.4138 muse False False 1.1
1216 110.79783 -73.4489 40.06 226.08 1779.43 117.03 5295.72 141.54 13057.22 35.75 38440.45 36.55 54303.93 26.22 77985.92 16.79 90659.2 15.79 87920.54 17.6 "" "" -99 1.163 nirspec False False 3.6
1222 110.781808 -73.448411 738.13 118.0 1061.46 55.28 1533.03 70.98 2517.55 17.43 5638.21 16.99 5612.98 10.8 5225.52 6.37 5024.34 5.84 5160.08 7.66 1.799 0.0009 2 "" "" False False 3.0
1225 110.872152 -73.448065 623.95 95.81 4137.12 49.1 9592.48 62.29 12355.31 18.82 24979.19 18.94 30740.95 14.15 30168.33 9.68 19476.72 7.23 15486.23 7.88 0.4155 0.0007 1 "" "" False False 1.1
1226 110.81854 -73.446368 348.81 331.38 820.16 95.19 697.96 132.62 4192.96 30.45 8366.91 29.17 8710.06 18.04 7540.66 10.55 7031.06 9.57 6835.78 12.71 1.8684 0.0009 2 "" "" False False 3.2
1227 110.817051 -73.446337 396.44 88.34 630.78 41.73 532.53 53.45 759.88 14.14 1489.86 13.49 1435.09 8.34 1262.28 4.41 1218.01 4.03 1249.63 5.36 1.869 0.0004 1 "" "" False False 3.2
1230 110.840414 -73.44355 -9.08 140.44 2468.42 65.53 6853.68 86.66 10211.42 22.59 21445.8 22.48 26079.83 15.17 24813.82 9.48 15316.27 7.96 12120.56 9.83 0.3953 0.0019 1 "" "" False False 1.0
1233 110.828252 -73.443315 335.91 141.24 2121.84 67.36 5559.38 321.16 8635.72 22.34 16117.91 21.71 18795.95 14.27 17475.89 8.78 10684.94 7.55 8202.32 9.59 0.3888 0.004 1 "" "" False False 1.0
1245 110.838873 -73.440779 151.06 111.88 1440.37 52.51 4103.67 70.94 5896.65 17.95 12455.61 17.75 17089.56 12.32 22054.69 8.29 19583.51 7.28 14427.53 8.22 0.6988 0.0011 2 "" "" False False 2.1
1246 110.840709 -73.44072 704.93 95.17 4180.52 46.08 9452.52 62.24 11889.19 17.11 22128.18 17.52 26127.43 12.92 23869.59 8.87 14911.91 6.65 11925.25 7.34 0.3863 0.0016 1 "" "" False False 1.0
1249 110.814997 -73.440175 45.37 64.93 206.71 28.02 291.81 39.43 304.45 8.7 574.75 8.22 570.9 5.04 628.43 3.14 648.93 2.89 612.32 3.93 1.4957 0.0011 2 1.5075 nirspec False False 1.8
3861 110.788652 -73.472292 113.64 27.73 65.97 13.1 161.08 17.08 198.91 7.78 274.09 5.91 292.8 4.31 "" "" "" "" "" "" 0.7806 0.0012 2 "" "" False False 1.3
4155 110.795544 -73.470067 160.43 28.63 148.96 13.58 244.55 16.41 257.16 4.53 252.61 4.26 271.5 2.64 267.79 1.78 224.32 1.63 152.61 2.16 0.7953 0.0014 2 "" "" False False 1.4
4638 110.867406 -73.466332 126.14 28.17 181.95 13.15 218.74 17.05 263.52 5.41 351.43 5.0 330.55 3.3 342.06 1.82 347.55 1.67 277.84 2.15 1.0661 0.0008 2 "" "" False False 1.7
4932 110.803393 -73.463819 121.16 28.28 83.13 12.64 123.53 16.36 166.94 4.3 218.2 4.08 168.73 2.5 177.35 1.54 154.12 1.4 154.73 1.88 1.248 0.0005 2 "" "" False False 2.1
6300 110.762895 -73.453548 35.07 30.43 37.88 13.72 56.35 17.49 92.31 4.41 94.31 4.06 106.53 2.58 194.49 1.63 153.85 1.47 130.33 1.95 4.5557 0.0029 2 "" "" False False 3.3
6885 110.859351 -73.449163 8.42 26.99 -0.01 12.09 -38.46 17.06 -5.9 5.09 62.39 4.87 61.81 3.0 66.22 1.51 65.78 1.37 139.82 1.85 "" "" -99 8.498 nirspec False False 8.3
7261 110.839666 -73.44536 -74.5 27.06 -1.0 12.51 32.79 16.48 37.89 4.11 77.88 3.85 61.57 2.43 74.13 1.48 155.84 1.43 91.98 1.88 "" "" -99 6.383 nirspec False False 3.4
7300 110.80646 -73.444975 42.81 28.82 38.2 12.71 46.91 17.12 50.25 5.14 54.08 5.05 127.08 3.07 94.94 1.46 50.09 1.33 57.32 1.8 2.7295 0.0005 2 "" "" False False 2.9
7352 110.844069 -73.444225 74.29 26.87 59.41 12.93 54.65 16.67 76.95 4.13 118.9 3.92 55.17 2.35 80.14 1.5 51.48 1.33 70.08 1.81 1.3706 0.0003 1 "" "" False False 2.1
7388 110.83723 -73.443793 142.68 35.05 50.63 15.78 103.7 21.73 91.97 5.11 166.01 4.85 165.77 3.05 173.57 1.84 171.29 1.69 174.39 2.25 1.5086 0.0011 2 "" "" False False 2.2
7911 110.844572 -73.435068 37.33 31.58 -10.56 14.18 -17.55 18.68 2.32 4.83 143.32 4.59 152.98 2.83 175.4 1.7 218.11 1.59 565.04 2.18 "" "" -99 7.665 nirspec False False 1.7
7936 110.833999 -73.434526 -1.21 27.84 6.92 13.18 21.49 17.64 3.74 4.2 79.33 3.94 66.94 2.37 70.76 1.47 74.34 1.34 152.46 1.85 "" "" -99 7.663 nirspec False False 1.7
9528 110.840674 -73.441505 43.74 30.67 130.64 15.49 94.11 19.17 99.4 4.7 122.51 4.39 214.65 2.74 184.25 1.72 154.85 1.55 169.79 2.07 3.0807 0.0006 2 "" "" False False 2.1
10001 110.837011 -73.456594 "" "" "" "" "" "" "" "" "" "" "" "" "" "" "" "" "" "" 0.3989 0.0015 1 0.398 muse False False 1.1
10002 110.792751 -73.447702 "" "" "" "" "" "" "" "" "" "" "" "" "" "" "" "" "" "" 0.3845 0.0003 1 "" "" False False 1.0
10003 110.845834 -73.451425 "" "" "" "" "" "" "" "" "" "" "" "" "" "" "" "" "" "" 0.3868 0.0012 1 0.3847 muse False False 1.0
10004 110.880115 -73.451425 "" "" "" "" "" "" "" "" "" "" "" "" "" "" "" "" "" "" 1.3736 0.0005 1 "" "" False False 2.6
10005 110.875205 -73.457163 "" "" "" "" "" "" "" "" "" "" "" "" "" "" "" "" "" "" 0.397 0.0009 1 "" "" False False 1.0
10006 110.856717 -73.44132 "" "" "" "" "" "" "" "" "" "" "" "" "" "" "" "" "" "" 0.3942 0.0007 1 "" "" False False 1.1
10007 110.818702 -73.455299 "" "" "" "" "" "" "" "" "" "" "" "" "" "" "" "" "" "" 0.3899 0.0007 1 0.3849 muse False False 1.1
10008 110.818421 -73.45469 "" "" "" "" "" "" "" "" "" "" "" "" "" "" "" "" "" "" 0.3946 0.0011 1 0.3909 muse False False 1.2
10009 110.855211 -73.450278 "" "" "" "" "" "" "" "" "" "" "" "" "" "" "" "" "" "" 0.3937 0.0012 1 0.3865 muse False False 1.0
10010 110.825883 -73.458769 "" "" "" "" "" "" "" "" "" "" "" "" "" "" "" "" "" "" 0.3949 0.0005 1 0.3888 muse False False 1.1
20001 110.800758 -73.448608 "" "" "" "" "" "" "" "" "" "" "" "" "" "" "" "" "" "" "" "" -99 0.394 muse False False 1.5
20002 110.825389 -73.454646 "" "" "" "" "" "" "" "" "" "" "" "" "" "" "" "" "" "" "" "" -99 0.3774 muse False False 1.0
20003 110.826946 -73.454726 "" "" "" "" "" "" "" "" "" "" "" "" "" "" "" "" "" "" "" "" -99 0.3914 muse False False 1.3
20004 110.840272 -73.455912 "" "" "" "" "" "" "" "" "" "" "" "" "" "" "" "" "" "" "" "" -99 0.3911 muse False False 1.2
20005 110.837743 -73.456271 "" "" "" "" "" "" "" "" "" "" "" "" "" "" "" "" "" "" "" "" -99 0.3896 muse False False 1.0
20006 110.853983 -73.45015 "" "" "" "" "" "" "" "" "" "" "" "" "" "" "" "" "" "" "" "" -99 0.3848 muse False False 1.0
20007 110.794617 -73.449162 "" "" "" "" "" "" "" "" "" "" "" "" "" "" "" "" "" "" "" "" -99 5.171 nirspec False False 8.9
20008 110.826593 -73.455058 "" "" "" "" "" "" "" "" "" "" "" "" "" "" "" "" "" "" "" "" -99 0.3915 muse False False 1.1
